4294967279,51
4294967279,81
4294967279,80
4294967279,79
4294967279,78
4294967279,77
4294967279,76
4294967279,75
4294967279,74
4294967279,73
4294967279,72
4294967279,71
4294967279,70
4294967279,64
4294967279,62
4294967279,61
4294967279,59
4294967279,50
4294967279,48
4294967279,47
4294967279,36
4294967279,33
4294967279,27
4294967279,25
4294967279,24
4294967278,231
4294967278,338
4294967278,298
4294967278,297
4294967278,293
4294967278,334
4294967278,280
4294967279,45
4294967279,563
4294967279,34
4294967279,288
4294967279,32
4294967279,561
4294967279,521
4294967278,227
4294967279,226
4294967294,30
4294967294,1070
4294967294,1069
4294967294,1067
4294967294,1066
4294967294,1061
4294967294,1050
4294967294,436
4294967294,158
4294967294,157
4294967294,156
4294967294,155
4294967294,60
4294967294,197
4294967294,196
4294967294,195
4294967294,193
4294967294,192
4294967294,1046
4294967294,1044
4294967294,1042
4294967294,1039
4294967294,1037
4294967294,1033
4294967294,1029
4294967294,1027
4294967294,421
4294967294,401
4294967294,190
4294967294,182
4294967294,173
4294967294,163
4294967294,162
4294967294,161
4294967279,223
4294967294,12
4294967279,222
4294967278,221
4294967279,210
4294967278,201
4294967279,194
4294967294,1418
4294967278,369
4294967278,351
101,5
101,4
101,3
101,2
101,1
4294967278,188
4294967279,186
4294967278,349
4294967294,471
4294967278,347
4294967279,530
4294967278,181
4294967279,326
4294967278,180
4294967278,179
4294967278,178
4294967279,176
99,5
4294967278,175
99,4
99,3
99,2
99,1
4294967278,173
4294967279,172
4294967278,171
4294967278,170
4294967278,366
4294967294,393
4294967278,166
97,6
4294967278,394
4294967278,164
97,5
97,4
97,3
97,2
97,1
96,5
96,4
96,3
96,2
96,1
4294967279,319
4294967294,389
95,5
95,4
95,3
95,2
95,1
4294967278,143
94,5
94,4
94,3
94,2
94,1
4294967294,113
4294967294,454
4294967294,109
4294967294,189
4294967294,460
4294967279,285
4294967278,362
4294967278,289
4294967294,99
4294967294,76
4294967279,282
4294967294,89
92,4
92,3
92,2
92,1
4294967294,468
4294967294,1031
4294967294,29
4294967278,262
4294967278,360
4294967279,276
4294967294,40
4294967294,41
4294967294,38
4294967294,37
4294967278,282
4294967279,325
4294967294,392
4294967294,44
4294967278,266
4294967279,280
4294967278,332
4294967279,548
4294967294,107
4294967294,90
4294967294,86
4294967294,84
4294967294,1049
4294967294,1078
4294967294,53
4294967294,427
4294967278,321
4294967278,319
4294967278,38
4294967278,37
4294967278,36
4294967278,35
4294967278,34
4294967278,33
4294967278,32
4294967278,31
4294967278,30
4294967278,29
4294967278,28
4294967278,27
4294967278,26
4294967278,25
4294967278,24
4294967278,23
4294967278,22
4294967278,21
4294967278,20
4294967278,19
4294967278,18
4294967278,17
4294967278,16
4294967278,15
4294967278,14
4294967278,13
4294967278,12
4294967278,11
4294967278,10
4294967278,9
4294967278,8
4294967278,7
4294967278,6
4294967279,132
4294967279,131
4294967279,130
4294967279,129
4294967279,128
4294967279,127
4294967279,126
4294967279,125
4294967279,124
4294967279,123
4294967279,122
4294967279,121
4294967279,120
4294967279,119
4294967279,118
4294967279,117
4294967279,116
4294967279,115
4294967279,114
4294967279,110
4294967279,108
4294967279,107
4294967279,106
4294967279,105
4294967279,103
4294967279,102
4294967279,101
4294967279,100
4294967279,314
4294967279,96
4294967279,94
4294967279,93
4294967279,92
4294967279,91
4294967279,89
4294967279,87
4294967279,86
4294967279,85
4294967279,83
4294967279,82
4294967279,21
4294967279,20
4294967279,19
4294967279,18
4294967279,15
4294967279,13
4294967278,5
4294967278,4
4294967278,258
4294967279,546
4294967279,520
4294967279,243
4294967278,242
4294967279,241
4294967278,240
4294967278,238
4294967279,113
4294967279,104
4294967279,112
4294967278,233
4294967279,111
4294967279,232
4294967294,1421
4294967294,1420
4294967294,1419
4294967278,228
4294967279,109
91,5
91,4
91,2
91,1
4294967278,212
4294967279,99
4294967279,90
4294967279,324
4294967279,0
4294967279,98
4294967278,318
4294967279,97
4294967279,312
4294967294,198
4294967294,170
4294967294,1045
4294967278,207
4294967278,371
4294967279,95
4294967279,311
4294967278,206
4294967279,202
4294967279,204
89,5
4294967278,203
89,4
4294967279,203
89,2
89,1
4294967278,202
4294967279,201
4294967278,200
4294967279,200
4294967278,199
4294967278,310
4294967279,199
4294967278,198
4294967279,198
4294967278,195
4294967279,84
4294967279,197
4294967278,393
4294967279,196
87,6
4294967279,193
4294967278,194
4294967279,535
4294967279,555
87,5
4294967279,192
4294967278,191
4294967279,191
87,4
4294967278,190
87,3
87,2
87,1
4294967278,308
4294967279,190
4294967278,189
4294967279,189
4294967278,186
4294967279,301
4294967279,187
86,5
4294967278,185
4294967279,185
4294967278,184
86,4
86,3
86,2
86,1
4294967279,531
4294967278,183
4294967279,183
4294967278,182
4294967294,5
4294967294,417
4294967294,51
4294967294,52
4294967294,424
4294967294,43
4294967279,299
4294967278,344
4294967279,527
4294967279,178
4294967279,177
4294967278,132
4294967278,131
4294967278,130
4294967278,129
4294967278,128
4294967278,127
4294967278,126
4294967278,125
4294967278,124
4294967278,123
4294967278,122
4294967278,121
4294967278,120
4294967278,119
4294967278,118
4294967278,117
4294967278,116
4294967278,115
4294967278,114
4294967278,113
4294967278,112
4294967278,111
4294967278,110
4294967278,109
4294967278,108
4294967278,107
4294967278,106
4294967278,105
4294967278,104
4294967278,103
4294967278,102
4294967278,101
4294967278,100
4294967278,99
4294967278,98
4294967278,97
4294967278,96
4294967278,95
4294967278,94
4294967278,93
4294967278,92
4294967278,91
4294967278,90
4294967278,89
4294967278,87
4294967278,86
4294967278,85
